 -4.0000000e+000  2.0000000e-002
 -2.0000000e+000  2.0000000e-002
  0.0000000e+000  2.0000000e-002
  2.0000000e+000  2.0000000e-002
  4.0000000e+000  4.0000000e-002
  6.0000000e+000  5.0000000e-002
  8.0000000e+000  7.0000000e-002
  1.0000000e+001  9.0000000e-002
  1.2000000e+001  1.0000000e-001
  1.4000000e+001             NaN
  1.6000000e+001             NaN
  1.8000000e+001  2.0000000e-001
  2.0000000e+001             NaN
  2.2000000e+001  3.0000000e-001
  2.4000000e+001  4.0000000e-001
  2.6000000e+001  5.0000000e-001
  3.2000000e+001  8.0000000e-001
  3.6000000e+001  9.5000000e-001
  4.2000000e+001  1.2000000e+000
